0.000000000000000000e+00 1.000000000000000000e+00 5.415872487032664662e-01
1.000000000000000021e-02 9.999500004166652634e-01 4.755347325744042619e-01
2.000000000000000042e-02 9.998000066665777563e-01 2.835480343079824772e-01
2.999999999999999889e-02 9.995500337489875431e-01 4.613858042687951633e-01
4.000000000000000083e-02 9.992001066609779159e-01 6.179325799126678120e-02
5.000000000000000278e-02 9.987502603949662827e-01 3.758613644245392127e-01
5.999999999999999778e-02 9.982005399352041897e-01 9.869419357838155049e-01
7.000000000000000666e-02 9.975510002532795850e-01 7.630023753278343257e-01
8.000000000000000167e-02 9.968017063026194391e-01 9.911343115425208516e-01
8.999999999999999667e-02 9.959527330119942734e-01 2.569111493752086472e-01
1.000000000000000056e-01 9.950041652780258206e-01 1.267782570143696219e-01
1.100000000000000006e-01 9.939560979566968157e-01 4.260719184706689422e-01
1.199999999999999956e-01 9.928086358538662504e-01 6.845347102692458385e-01
1.300000000000000044e-01 9.915618937147880896e-01 6.101099758125657635e-01
1.400000000000000133e-01 9.902159962126371173e-01 8.587794994144585248e-01
1.499999999999999944e-01 9.887710779360422420e-01 5.239227162778870017e-02
1.600000000000000033e-01 9.872272833756269295e-01 1.412731673200026128e-01
1.700000000000000122e-01 9.855847669095607611e-01 6.594045328388109528e-01
1.799999999999999933e-01 9.838436927881214489e-01 4.710772808465082395e-01
1.900000000000000022e-01 9.820042351172703077e-01 2.733664760036385033e-01
2.000000000000000111e-01 9.800665778412416262e-01 8.993874300078621431e-01
2.099999999999999922e-01 9.780309147241482703e-01 1.895699968572284178e-01
2.200000000000000011e-01 9.758974493306055153e-01 3.859205058467253258e-01
2.300000000000000100e-01 9.736663950053748851e-01 9.920632199521153272e-01
2.399999999999999911e-01 9.713379748520296619e-01 1.540332351510326214e-01
2.500000000000000000e-01 9.689124217106447334e-01 8.492531744303688512e-01
2.600000000000000089e-01 9.663899781345132167e-01 3.327557460021429714e-01
2.700000000000000178e-01 9.637708963658905281e-01 5.148073627278455522e-01
2.800000000000000266e-01 9.610554383107708931e-01 7.053578581672429459e-01
2.899999999999999800e-01 9.582438755126971852e-01 1.784318806498208509e-02
2.999999999999999889e-01 9.553364891256059810e-01 5.325966376864200713e-01
3.099999999999999978e-01 9.523335698857133824e-01 1.143201358281333846e-01
3.200000000000000067e-01 9.492354180824408294e-01 8.651807184730231359e-01
3.300000000000000155e-01 9.460423435283870086e-01 1.904080610760251480e-01
3.400000000000000244e-01 9.427546655283461918e-01 1.878139199442576679e-01
3.500000000000000333e-01 9.393727128473788879e-01 8.235672887234070094e-01
3.599999999999999867e-01 9.358968236779348082e-01 9.766886216446080127e-02
3.699999999999999956e-01 9.323273456060344744e-01 4.353330179144369039e-01
3.800000000000000044e-01 9.286646355765102445e-01 6.059304642144552888e-01
3.900000000000000133e-01 9.249090598573130872e-01 4.669540359087929193e-01
4.000000000000000222e-01 9.210609940028851028e-01 6.336903054686815473e-01
4.100000000000000311e-01 9.171208228166051191e-01 2.512330069979569203e-01
4.199999999999999845e-01 9.130889403123082504e-01 1.116538820447864344e-01
4.299999999999999933e-01 9.089657496748850818e-01 8.067869941994942895e-01
4.400000000000000022e-01 9.047516632199633646e-01 8.786374869105291197e-01
4.500000000000000111e-01 9.004471023526768869e-01 5.858265198902391502e-01
4.600000000000000200e-01 8.960524975255251823e-01 7.884264432798850919e-01
4.700000000000000289e-01 8.915682881953289618e-01 4.082490284431616878e-01
4.799999999999999822e-01 8.869949227792841562e-01 9.159065696748563967e-01
4.899999999999999911e-01 8.823328586101214510e-01 2.743209842280391886e-02
5.000000000000000000e-01 8.775825618903727587e-01 1.625018139179377208e-01
5.100000000000000089e-01 8.727445076457512885e-01 8.181748526404777344e-01
5.200000000000000178e-01 8.678191796776498768e-01 7.435737441266763170e-01
5.300000000000000266e-01 8.628070705147610209e-01 1.976312089528919902e-01
5.400000000000000355e-01 8.577086813638241658e-01 6.562148856717461287e-01
5.500000000000000444e-01 8.525245220595056850e-01 7.309494263102214173e-01
5.600000000000000533e-01 8.472551110134161068e-01 5.892194035783195893e-01
5.700000000000000622e-01 8.419009751622686943e-01 9.111618320471562837e-01
5.799999999999999600e-01 8.364626499151869288e-01 7.523888913434531034e-01
5.899999999999999689e-01 8.309406791001635595e-01 8.424613570915758798e-01
5.999999999999999778e-01 8.253356149096783279e-01 1.501519108220443766e-01
6.099999999999999867e-01 8.196480178454794707e-01 3.876778930699665837e-01
6.199999999999999956e-01 8.138784566625338890e-01 7.119876379231349084e-01
6.300000000000000044e-01 8.080275083121518653e-01 4.787707496730729817e-01
6.400000000000000133e-01 8.020957578842926594e-01 2.118998182444059575e-01
6.500000000000000222e-01 7.960837985490558655e-01 1.259210656397639072e-01
6.600000000000000311e-01 7.899922314973650828e-01 1.913785663257875358e-01
6.700000000000000400e-01 7.838216658808492276e-01 3.722141094476804080e-01
6.800000000000000488e-01 7.775727187509279270e-01 1.271701802313791596e-01
6.900000000000000577e-01 7.712460149971065437e-01 6.462291515574334344e-01
7.000000000000000666e-01 7.648421872844883840e-01 8.269528308060173361e-01
7.099999999999999645e-01 7.583618759905081941e-01 9.600155702669759261e-01
7.199999999999999734e-01 7.518057291408950515e-01 1.478321148937626894e-01
7.299999999999999822e-01 7.451744023448704235e-01 9.002394428914972657e-02
7.399999999999999911e-01 7.384685587295879428e-01 7.249674836162570690e-01
7.500000000000000000e-01 7.316888688738208968e-01 9.189923740792387274e-01
7.600000000000000089e-01 7.248360107409052011e-01 2.150911215375793661e-01
7.700000000000000178e-01 7.179106696109432972e-01 3.366167221571847445e-01
7.800000000000000266e-01 7.109135380122773018e-01 4.962819321567414343e-01
7.900000000000000355e-01 7.038453156522360699e-01 1.378213956439003907e-01
8.000000000000000444e-01 6.967067093471653871e-01 9.796285510583380152e-01
8.100000000000000533e-01 6.894984329517469535e-01 7.521687051837689930e-01
8.200000000000000622e-01 6.822212072876134847e-01 2.755822247265812264e-01
8.300000000000000711e-01 6.748757600712670390e-01 2.167711386540033258e-01
8.399999999999999689e-01 6.674628258413081161e-01 5.388673817140454680e-01
8.499999999999999778e-01 6.599831458849821919e-01 5.418241719734554485e-01
8.599999999999999867e-01 6.524374681640519036e-01 2.347858210723505756e-01
8.699999999999999956e-01 6.448265472400012133e-01 2.458701552422393188e-01
8.800000000000000044e-01 6.371511441985802104e-01 5.133751396234434994e-01
8.900000000000000133e-01 6.294120265736968811e-01 2.065586134082669778e-01
9.000000000000000222e-01 6.216099682706643925e-01 2.858211908857655192e-02
9.100000000000000311e-01 6.137457494888115539e-01 1.103333258015049001e-01
9.200000000000000400e-01 6.058201566434627816e-01 6.993736209398692116e-01
9.300000000000000488e-01 5.978339822872982268e-01 9.048930661280160104e-01
9.400000000000000577e-01 5.897880250310981731e-01 4.537093245640771988e-01
9.500000000000000666e-01 5.816830894638834737e-01 2.310815612218414250e-01
9.599999999999999645e-01 5.735199860724566889e-01 2.972930384310155105e-01
9.699999999999999734e-01 5.652995311603543627e-01 2.447811814867307811e-01
9.799999999999999822e-01 5.570225467662173191e-01 8.410357711511445844e-01
9.899999999999999911e-01 5.486898605815875296e-01 5.702097789782291093e-01
1.000000000000000000e+00 5.403023058681397650e-01 2.774554852986254039e-01
1.010000000000000009e+00 5.318607213743554718e-01 6.716022926348557132e-01
1.020000000000000018e+00 5.233659512516495305e-01 3.347113979078195634e-01
1.030000000000000027e+00 5.148188449699553360e-01 8.454669760263912037e-01
1.040000000000000036e+00 5.062202572327784145e-01 6.797015052130692681e-01
1.050000000000000044e+00 4.975710478917269586e-01 9.454038386800243110e-01
1.060000000000000053e+00 4.888720818605274965e-01 8.672387242363955862e-01
1.070000000000000062e+00 4.801242290285340775e-01 3.915098600424719022e-01
1.080000000000000071e+00 4.713283641737399665e-01 3.904208241568337678e-01
1.090000000000000080e+00 4.624853668753007851e-01 1.901031414302046807e-01
1.100000000000000089e+00 4.535961214255773144e-01 2.177464954163451649e-01
1.110000000000000098e+00 4.446615167417067860e-01 1.684863478643174872e-01
1.120000000000000107e+00 4.356824462767120987e-01 6.415595846776018796e-01
1.130000000000000115e+00 4.266598079301572310e-01 4.342285599664018614e-01
1.140000000000000124e+00 4.175945039583579543e-01 8.298929988388982215e-01
1.150000000000000133e+00 4.084874408841571714e-01 4.546636531359754541e-01
1.159999999999999920e+00 3.993395294062732082e-01 2.336617453817282364e-01
1.169999999999999929e+00 3.901516843082302732e-01 8.741771441015279143e-01
1.179999999999999938e+00 3.809248243668818534e-01 1.019057244769082660e-01
1.189999999999999947e+00 3.716598722605329863e-01 9.582160167662637784e-01
1.199999999999999956e+00 3.623577544766736214e-01 9.637658724109023911e-01
1.209999999999999964e+00 3.530194012193303976e-01 7.469281580937108256e-01
1.219999999999999973e+00 3.436457463160470516e-01 1.164071563946328380e-01
1.229999999999999982e+00 3.342377271245026149e-01 5.387584190931100636e-01
1.239999999999999991e+00 3.247962844387762282e-01 2.655042835411164370e-01
1.250000000000000000e+00 3.153223623952686738e-01 5.777234780348400323e-01
1.260000000000000009e+00 3.058169083782893427e-01 4.835996370152083612e-01
1.270000000000000018e+00 2.962808729253187390e-01 8.969049744105362931e-01
1.280000000000000027e+00 2.867152096319555143e-01 2.942227877529109970e-01
1.290000000000000036e+00 2.771208750565575807e-01 9.292965489986766414e-01
1.300000000000000044e+00 2.674988286245873481e-01 3.253223717163028494e-01
1.310000000000000053e+00 2.578500325326696374e-01 3.139421480607740289e-01
1.320000000000000062e+00 2.481754516523728971e-01 6.339725866096541651e-01
1.330000000000000071e+00 2.384760534337231341e-01 7.219621427247890910e-01
1.340000000000000080e+00 2.287528078084593852e-01 9.327996043115245328e-01
1.350000000000000089e+00 2.190066870930414966e-01 4.312853286618912874e-01
1.360000000000000098e+00 2.092386658914192621e-01 5.964934908031088723e-01
1.370000000000000107e+00 1.994497209975728547e-01 6.455274430769650795e-01
1.380000000000000115e+00 1.896408312978342392e-01 1.146059681798774488e-01
1.390000000000000124e+00 1.798129776729993634e-01 9.997761357624358469e-01
1.400000000000000133e+00 1.699671429002408141e-01 7.086493777567725028e-01
1.409999999999999920e+00 1.601043115548312634e-01 8.431547765966229679e-01
1.419999999999999929e+00 1.502254699116858383e-01 4.886565013710586491e-01
1.429999999999999938e+00 1.403316058467367344e-01 2.437153607996287441e-01
1.439999999999999947e+00 1.304237087381455440e-01 2.760992705042888407e-01
1.449999999999999956e+00 1.205027693673666189e-01 3.243615685418802519e-01
1.459999999999999964e+00 1.105697798200695886e-01 7.654225929335777279e-01
1.469999999999999973e+00 1.006257333869317316e-01 4.684761133809778322e-01
1.479999999999999982e+00 9.067162446430968026e-02 8.028069422210774020e-01
1.489999999999999991e+00 8.070844845480062979e-02 9.261702238691099653e-01
1.500000000000000000e+00 7.073720166770290640e-02 5.796299829060802544e-02
1.510000000000000009e+00 6.075888121938589903e-02 7.925321573552810417e-01
1.520000000000000018e+00 5.077448493357918091e-02 1.050354040041342474e-01
1.530000000000000027e+00 4.078501124159103486e-02 4.947349220317827090e-01
1.540000000000000036e+00 3.079145908246612093e-02 6.463006556315533668e-01
1.550000000000000044e+00 2.079482780309242773e-02 1.269013523562646517e-01
1.560000000000000053e+00 1.079611705826739182e-02 4.221696448323282169e-01
1.570000000000000062e+00 7.963267107332633451e-04 3.047753727261270917e-02
1.580000000000000071e+00 -9.203543268808336494e-03 1.858844522565838986e-02
1.590000000000000080e+00 -1.920249290169264919e-02 2.353859409190020013e-01
1.600000000000000089e+00 -2.919952230128881540e-02 1.577469488340288439e-01
1.610000000000000098e+00 -3.919363177298770817e-02 2.632883820590161683e-01
1.620000000000000107e+00 -4.918382191417055432e-02 7.841836884058140944e-01
1.630000000000000115e+00 -5.916909371414835750e-02 3.109393637078871064e-01
1.640000000000000124e+00 -6.914844865406216678e-02 5.467901411587705596e-02
1.650000000000000133e+00 -7.912088880673408264e-02 9.188778277521486570e-01
1.660000000000000142e+00 -8.908541693645918857e-02 6.970653766266564633e-01
1.669999999999999929e+00 -9.904103659872801058e-02 7.531272568358322594e-01
1.679999999999999938e+00 -1.089867522398711153e-01 6.428070001068598716e-01
1.689999999999999947e+00 -1.189215692966122256e-01 7.339955867794216715e-01
1.699999999999999956e+00 -1.288444942955246364e-01 1.216889129863212293e-01
1.709999999999999964e+00 -1.387545349523775506e-01 6.827265914747044917e-01
1.719999999999999973e+00 -1.486507002713636505e-01 4.621777820382839685e-01
1.729999999999999982e+00 -1.585320006441977569e-01 5.541260261155023237e-02
1.739999999999999991e+00 -1.683974479490770171e-01 5.481911820060939577e-01
1.750000000000000000e+00 -1.782460556494920856e-01 7.848839077894818050e-01
1.760000000000000009e+00 -1.880768388928800994e-01 4.477444251902231720e-01
1.770000000000000018e+00 -1.978888146091090094e-01 2.926208274246638874e-01
1.780000000000000027e+00 -2.076810016087838051e-01 7.931578305620963221e-01
1.790000000000000036e+00 -2.174524206813646388e-01 2.352287284485595764e-01
1.800000000000000044e+00 -2.272020946930871088e-01 9.633361614580608911e-01
1.810000000000000053e+00 -2.369290486846746813e-01 2.799959016150288527e-02
1.820000000000000062e+00 -2.466323099688340348e-01 5.909027038792392661e-01
1.830000000000000071e+00 -2.563109082275227268e-01 3.610478057150491304e-01
1.840000000000000080e+00 -2.659638756089803824e-01 2.986772835434809981e-01
1.850000000000000089e+00 -2.755902468245129411e-01 8.402565399154898751e-01
1.860000000000000098e+00 -2.851890592450208595e-01 2.876033643101481019e-01
1.870000000000000107e+00 -2.947593529972610260e-01 6.449710341871965902e-01
1.880000000000000115e+00 -3.043001710598334242e-01 5.868473007890626647e-01
1.890000000000000124e+00 -3.138105593588824682e-01 4.771040068609800899e-01
1.900000000000000133e+00 -3.232895668635035746e-01 7.656374399826604282e-01
1.910000000000000142e+00 -3.327362456808453661e-01 9.874861685675274670e-01
1.919999999999999929e+00 -3.421496511508981819e-01 6.292554374438332765e-01
1.929999999999999938e+00 -3.515288419409598464e-01 1.561290756125056634e-01
1.939999999999999947e+00 -3.608728801397671493e-01 9.598217016933091594e-01
1.949999999999999956e+00 -3.701808313512868764e-01 6.951894913058567216e-01
1.959999999999999964e+00 -3.794517647881545108e-01 5.834149867311499982e-01
1.969999999999999973e+00 -3.886847533647520003e-01 7.384626840774591860e-01
1.979999999999999982e+00 -3.978788737899159877e-01 4.315951027427556985e-01
1.989999999999999991e+00 -4.070332066592655118e-01 2.871521074715364108e-01
2.000000000000000000e+00 -4.161468365471424069e-01 1.200501460810683430e-01
2.010000000000000231e+00 -4.252188520981525777e-01 1.726060665644427727e-01
2.020000000000000018e+00 -4.342483461183004878e-01 9.710678451479537454e-02
2.030000000000000249e+00 -4.432344156657093137e-01 8.039854409768925070e-01
2.040000000000000036e+00 -4.521761621409119414e-01 8.470584073498326205e-01
2.049999999999999822e+00 -4.610726913767127511e-01 4.567174094738464252e-01
2.060000000000000053e+00 -4.699231137276022041e-01 3.351033559156167962e-01
2.069999999999999840e+00 -4.787265441587197912e-01 4.313277102754461412e-01
2.080000000000000071e+00 -4.874821023343594018e-01 3.807520158364241514e-02
2.089999999999999858e+00 -4.961889127059988525e-01 9.619592430538627115e-01
2.100000000000000089e+00 -5.048461045998575702e-01 7.269790330535516043e-01
2.109999999999999876e+00 -5.134528123039594494e-01 3.533978192201396862e-01
2.120000000000000107e+00 -5.220081751547073212e-01 7.411827571936430159e-01
2.129999999999999893e+00 -5.305113376229447786e-01 8.767454419857911851e-01
2.140000000000000124e+00 -5.389614493995115163e-01 1.597261052607807930e-01
2.149999999999999911e+00 -5.473576654802709829e-01 2.060195279490726339e-01
2.160000000000000142e+00 -5.556991462506126744e-01 4.023036136575909305e-01
2.169999999999999929e+00 -5.639850575694100865e-01 1.588344465837756569e-01
2.180000000000000160e+00 -5.722145708524368768e-01 5.843697021701258487e-01
2.189999999999999947e+00 -5.803868631552219215e-01 1.455286416192499432e-01
2.200000000000000178e+00 -5.885011172553458181e-01 1.007030339512240413e-01
2.209999999999999964e+00 -5.965565217341598503e-01 7.675740656631568903e-01
2.220000000000000195e+00 -6.045522710579296355e-01 2.968473827017030775e-01
2.229999999999999982e+00 -6.124875656583851358e-01 5.066482526321126612e-01
2.240000000000000213e+00 -6.203616120126798084e-01 2.523269718175800147e-01
2.250000000000000000e+00 -6.281736227227391334e-01 8.990875377609142127e-02
2.260000000000000231e+00 -6.359228165940027377e-01 1.632371749271414041e-01
2.270000000000000018e+00 -6.436084187135405754e-01 2.851718563289397101e-01
2.280000000000000249e+00 -6.512296605275459394e-01 8.384725321931374431e-01
2.290000000000000036e+00 -6.587857799181877638e-01 3.034228697122227647e-01
2.300000000000000266e+00 -6.662760212798244375e-01 4.533352369015022365e-01
2.310000000000000053e+00 -6.736996355945609194e-01 4.292670483520193425e-01
2.319999999999999840e+00 -6.810558805071524890e-01 8.920750587997612335e-01
2.330000000000000071e+00 -6.883440203992383655e-01 7.993563299924622001e-03
2.339999999999999858e+00 -6.955633264629020873e-01 5.220335505591097158e-01
2.350000000000000089e+00 -7.027130767735539907e-01 5.555576927358267803e-01
2.359999999999999876e+00 -7.097925563621204637e-01 2.964835869956202741e-01
2.370000000000000107e+00 -7.168010572865428642e-01 4.125423609075139497e-01
2.379999999999999893e+00 -7.237378787025685600e-01 5.794808740614696418e-01
2.390000000000000124e+00 -7.306023269338371984e-01 2.092022821148405987e-01
2.399999999999999911e+00 -7.373937155412454425e-01 1.184717039629081814e-01
2.410000000000000142e+00 -7.441113653915925052e-01 6.861130375469602916e-01
2.419999999999999929e+00 -7.507546047254909372e-01 6.154587607957268114e-01
2.430000000000000160e+00 -7.573227692245437792e-01 1.344878766032793216e-01
2.439999999999999947e+00 -7.638152020777740914e-01 8.005493443433090439e-01
2.450000000000000178e+00 -7.702312540473074121e-01 1.663784877380826144e-01
2.459999999999999964e+00 -7.765702835332930487e-01 8.090982909761568198e-01
2.470000000000000195e+00 -7.828316566380653097e-01 8.241357654462999616e-02
2.479999999999999982e+00 -7.890147472295311326e-01 4.037570979386768677e-01
2.490000000000000213e+00 -7.951189370037843318e-01 5.633832469316837344e-01
2.500000000000000000e+00 -8.011436155469336962e-01 5.508511416398810256e-01
2.510000000000000231e+00 -8.070881803961461598e-01 4.860816030680217281e-01
2.520000000000000018e+00 -8.129520370998899459e-01 4.771830336081811508e-01
2.530000000000000249e+00 -8.187345992773819026e-01 1.363660958623233999e-01
2.540000000000000036e+00 -8.244352886772222666e-01 5.488594009396241535e-01
2.550000000000000266e+00 -8.300535352352224061e-01 1.988249505602109890e-01
2.560000000000000053e+00 -8.355887771314076673e-01 9.053320361147554340e-01
2.569999999999999840e+00 -8.410404608462014320e-01 9.694715435858415331e-01
2.580000000000000071e+00 -8.464080412157756195e-01 6.247717244800818914e-01
2.589999999999999858e+00 -8.516909814865656347e-01 8.720398405967081379e-01
2.600000000000000089e+00 -8.568887533689473202e-01 1.116325879332845661e-01
2.609999999999999876e+00 -8.620008370900634764e-01 7.974632915323587312e-01
2.620000000000000107e+00 -8.670267214458023952e-01 2.416132468166195535e-01
2.629999999999999893e+00 -8.719659038519165239e-01 4.114518675052547536e-02
2.640000000000000124e+00 -8.768178903942814850e-01 4.858944331386150228e-02
2.649999999999999911e+00 -8.815821958782859014e-01 9.211648601802968628e-01
2.660000000000000142e+00 -8.862583438773520284e-01 6.810539958940248217e-01
2.669999999999999929e+00 -8.908458667805764231e-01 7.481734427888586669e-02
2.680000000000000160e+00 -8.953443058394920939e-01 4.411711081737271778e-01
2.689999999999999947e+00 -8.997532112139413618e-01 9.753182418437451595e-01
2.700000000000000178e+00 -9.040721420170612088e-01 5.162344484505162479e-01
2.709999999999999964e+00 -9.083006663593701235e-01 6.445611357672820230e-01
2.720000000000000195e+00 -9.124383613919579972e-01 2.757524823193440167e-01
2.729999999999999982e+00 -9.164848133487693005e-01 3.340583315424694444e-02
2.740000000000000213e+00 -9.204396175879806519e-01 5.821905893646006636e-01
2.750000000000000000e+00 -9.243023786324635616e-01 6.963572234091652824e-02
2.760000000000000231e+00 -9.280727102093326852e-01 9.029410936313662095e-01
2.770000000000000018e+00 -9.317502352885721484e-01 9.423271085409856695e-03
2.780000000000000249e+00 -9.353345861207388312e-01 9.783031078153922033e-01
2.790000000000000036e+00 -9.388254042737361749e-01 4.109223633587583135e-01
2.800000000000000266e+00 -9.422223406686582869e-01 2.408943232900871978e-01
2.810000000000000053e+00 -9.455250556146959084e-01 6.545453421199826094e-01
2.819999999999999840e+00 -9.487332188431070179e-01 5.740556325659549319e-01
2.830000000000000071e+00 -9.518465095402424136e-01 6.544722902744896098e-01
2.839999999999999858e+00 -9.548646163796263853e-01 6.465085415505021915e-01
2.850000000000000089e+00 -9.577872375530903648e-01 6.123372400455797671e-01
2.859999999999999876e+00 -9.606140808009522303e-01 5.357055479610236537e-01
2.870000000000000107e+00 -9.633448634412432598e-01 5.984091686519602549e-01
2.879999999999999893e+00 -9.659793123979747431e-01 7.886519362580004522e-01
2.890000000000000124e+00 -9.685171642284465809e-01 6.232140780391646206e-01
2.899999999999999911e+00 -9.709581651495905463e-01 9.059368248942402113e-01
2.910000000000000142e+00 -9.733020710633486505e-01 3.880778146217355173e-01
2.919999999999999929e+00 -9.755486475810826175e-01 2.939136423730719372e-01
2.930000000000000160e+00 -9.776976700470132453e-01 6.503224920576636814e-01
2.939999999999999947e+00 -9.797489235606842151e-01 7.658170986363266319e-02
2.950000000000000178e+00 -9.817022029984541209e-01 1.574952159734457346e-01
2.959999999999999964e+00 -9.835573130340063974e-01 4.329104781718293715e-01
2.970000000000000195e+00 -9.853140681578838045e-01 9.590795223188416374e-01
2.979999999999999982e+00 -9.869722926960375897e-01 5.338501869015578327e-01
2.990000000000000213e+00 -9.885318208273959906e-01 6.408537310944921739e-01
3.000000000000000000e+00 -9.899924966004454152e-01 4.136888967152225760e-01
3.010000000000000231e+00 -9.913541739488258564e-01 8.673532426857529787e-01
3.020000000000000018e+00 -9.926167167059370966e-01 6.486619411498587562e-01
3.030000000000000249e+00 -9.937799986185555934e-01 7.885734974198033154e-02
3.040000000000000036e+00 -9.948439033594594916e-01 4.220174346977794144e-01
3.050000000000000266e+00 -9.958083245390612070e-01 9.773321761623487980e-03
3.060000000000000053e+00 -9.966731657160465829e-01 1.447329938757725420e-01
3.070000000000000284e+00 -9.974383404070185088e-01 8.302688233029938969e-01
3.080000000000000071e+00 -9.981037720951456693e-01 8.393392142067287454e-01
3.089999999999999858e+00 -9.986693942378135347e-01 6.905046711192788234e-01
3.100000000000000089e+00 -9.991351502732794820e-01 1.456398942393466456e-01
3.109999999999999876e+00 -9.995009936263278272e-01 5.506523113394479196e-01
3.120000000000000107e+00 -9.997668877129283205e-01 4.640823236127672446e-01
3.129999999999999893e+00 -9.999328059438938876e-01 7.899636546615976807e-01
3.140000000000000124e+00 -9.999987317275395027e-01 2.438309532670135393e-01
3.149999999999999911e+00 -9.999646584713419717e-01 5.848607111423275162e-01
3.160000000000000142e+00 -9.998305895825982947e-01 1.976200209260770002e-01
3.169999999999999929e+00 -9.995965384680858268e-01 1.308357438107051740e-01
3.180000000000000160e+00 -9.992625285327209061e-01 3.045934355479880118e-01
3.189999999999999947e+00 -9.988285931772186155e-01 5.045726047225419508e-01
3.200000000000000178e+00 -9.982947757947531198e-01 4.626233916812357849e-01
3.209999999999999964e+00 -9.976611297666175826e-01 5.959540266548852827e-01
3.220000000000000195e+00 -9.969277184568868799e-01 1.227467099645033199e-01
3.229999999999999982e+00 -9.960946152060808911e-01 1.602388080469604459e-01
3.240000000000000213e+00 -9.951619033238303658e-01 4.401276824229342077e-01
3.250000000000000000e+00 -9.941296760805462540e-01 7.942177869849734728e-01
3.260000000000000231e+00 -9.929980366980926121e-01 8.373365414004193541e-01
3.270000000000000018e+00 -9.917670983394649697e-01 4.856897861150311080e-02
3.280000000000000249e+00 -9.904369840974730499e-01 3.093001581486105600e-01
3.290000000000000036e+00 -9.890078269824328361e-01 5.389018482976977165e-01
3.300000000000000266e+00 -9.874797699088648795e-01 3.687860617944049846e-01
3.310000000000000053e+00 -9.858529656812030639e-01 2.395086257796066320e-01
3.320000000000000284e+00 -9.841275769785144956e-01 1.240327438354614786e-01
3.330000000000000071e+00 -9.823037763382317378e-01 2.829758269470166177e-01
3.339999999999999858e+00 -9.803817461388988352e-01 7.194500230921470063e-01
3.350000000000000089e+00 -9.783616785819341244e-01 6.041489530833644706e-01
3.359999999999999876e+00 -9.762437756724099414e-01 2.748790398141303104e-01
3.370000000000000107e+00 -9.740282491988521141e-01 7.031026743946723334e-01
3.379999999999999893e+00 -9.717153207120621250e-01 1.219540771288052383e-03
3.390000000000000124e+00 -9.693052215029608343e-01 6.460746391103321384e-01
3.399999999999999911e+00 -9.667981925794610909e-01 2.698417123615470814e-02
3.410000000000000142e+00 -9.641944846423656790e-01 6.045882367955317527e-01
3.419999999999999929e+00 -9.614943580602988149e-01 9.713149820003303958e-01
3.430000000000000160e+00 -9.586980828436685309e-01 2.168124146204636338e-01
3.439999999999999947e+00 -9.558059386176663841e-01 4.679926098326002704e-01
3.450000000000000178e+00 -9.528182145943047132e-01 5.488021218337053586e-01
3.459999999999999964e+00 -9.497352095434962171e-01 6.490361745922361703e-01
3.470000000000000195e+00 -9.465572317631765209e-01 5.591784743284057280e-01
3.479999999999999982e+00 -9.432845990484758358e-01 9.535006969238510877e-01
3.490000000000000213e+00 -9.399176386599379374e-01 8.076057567260810366e-01
3.500000000000000000e+00 -9.364566872907963413e-01 1.265013993412491544e-01
3.510000000000000231e+00 -9.329020910333034600e-01 8.415493985769042506e-01
3.520000000000000018e+00 -9.292542053441232852e-01 6.478884266353042154e-01
3.530000000000000249e+00 -9.255133950087843786e-01 4.662418816980958836e-01
3.540000000000000036e+00 -9.216800341052033829e-01 8.708647415852380780e-01
3.550000000000000266e+00 -9.177545059662758353e-01 6.915328498587988149e-01
3.560000000000000053e+00 -9.137372031415447182e-01 2.853564674263076029e-02
3.570000000000000284e+00 -9.096285273579443054e-01 9.996844679043047632e-01
3.580000000000000071e+00 -9.054288894796296283e-01 3.022382697316357003e-01
3.589999999999999858e+00 -9.011387094668885656e-01 3.512788626201943654e-01
3.600000000000000089e+00 -8.967584163341469905e-01 8.652672135826013911e-01
3.609999999999999876e+00 -8.922884481070684215e-01 6.045545597658451564e-01
3.620000000000000107e+00 -8.877292517787500614e-01 7.309876713697077699e-01
3.629999999999999893e+00 -8.830812832650261068e-01 9.053818585791749696e-01
3.640000000000000124e+00 -8.783450073588739970e-01 7.295862828512276188e-01
3.649999999999999911e+00 -8.735208976839379247e-01 5.259826432726620871e-01
3.660000000000000142e+00 -8.686094366471648343e-01 1.564367257439219783e-01
3.669999999999999929e+00 -8.636111153905661197e-01 2.357605058007811172e-01
3.680000000000000160e+00 -8.585264337421016911e-01 4.327077163931064563e-01
3.689999999999999947e+00 -8.533559001656995102e-01 8.872815215827709601e-01
3.700000000000000178e+00 -8.481000317104080422e-01 9.215722800765944189e-01
3.709999999999999964e+00 -8.427593539586935023e-01 2.008029119365374315e-01
3.720000000000000195e+00 -8.373344009738800109e-01 5.772703748260612500e-01
3.729999999999999982e+00 -8.318257152467456450e-01 2.387473504835395666e-01
3.740000000000000213e+00 -8.262338476412721677e-01 1.886980932873791872e-01
3.750000000000000000e+00 -8.205593573395607576e-01 7.318794581206072847e-01
3.760000000000000231e+00 -8.148028117859122954e-01 7.484521841143506604e-01
3.770000000000000018e+00 -8.089647866300855306e-01 3.583132084893214664e-01
3.780000000000000249e+00 -8.030458656697305742e-01 5.443737561658712476e-02
3.790000000000000036e+00 -7.970466407920117069e-01 7.901672162397336274e-01
3.800000000000000266e+00 -7.909677119144165047e-01 6.301084524038621515e-01
3.810000000000000053e+00 -7.848096869247678242e-01 3.388185523394027232e-01
3.820000000000000284e+00 -7.785731816204322087e-01 2.334234386388867044e-02
3.830000000000000071e+00 -7.722588196467436994e-01 3.008133048093549755e-01
3.839999999999999858e+00 -7.658672324346373905e-01 2.115559622994670486e-01
3.850000000000000089e+00 -7.593990591375078258e-01 2.795440518977090338e-01
3.859999999999999876e+00 -7.528549465672953467e-01 8.500186689723143729e-02
3.870000000000000107e+00 -7.462355491298028332e-01 6.066675575775942741e-01
3.879999999999999893e+00 -7.395415287592584930e-01 2.440400373024065317e-01
3.890000000000000124e+00 -7.327735548521204789e-01 7.001178009816323433e-01
3.899999999999999911e+00 -7.259323042001402104e-01 1.117742536362231753e-01
3.910000000000000142e+00 -7.190184609226811796e-01 4.413645577212962356e-01
3.919999999999999929e+00 -7.120327163983101171e-01 1.172341171137578630e-01
3.930000000000000160e+00 -7.049757691956576311e-01 5.581326410489958478e-01
3.939999999999999947e+00 -6.978483250035637520e-01 7.442711219656616972e-01
3.950000000000000178e+00 -6.906510965605076047e-01 5.285708697951153612e-01
3.959999999999999964e+00 -6.833848035833361978e-01 9.591233171255109102e-01
3.970000000000000195e+00 -6.760501726952917734e-01 4.174791961179866728e-01
3.979999999999999982e+00 -6.686479373533512627e-01 4.265813108414888699e-01
3.990000000000000213e+00 -6.611788377748799572e-01 6.444856566324874692e-03
4.000000000000000000e+00 -6.536436208636119405e-01 8.189942352194893305e-01
4.009999999999999787e+00 -6.460430401349587237e-01 3.177424062414762052e-01
4.020000000000000462e+00 -6.383778556406588534e-01 2.886067788490274122e-01
4.030000000000000249e+00 -6.306488338927752624e-01 2.318825826154347070e-02
4.040000000000000036e+00 -6.228567477870414759e-01 9.627972975277176992e-03
4.049999999999999822e+00 -6.150023765255744346e-01 1.627788631579722978e-01
4.060000000000000497e+00 -6.070865055389544906e-01 4.339558370120466524e-01
4.070000000000000284e+00 -5.991099264076850117e-01 3.559619915514111721e-01
4.080000000000000071e+00 -5.910734367830313696e-01 3.144747633118393226e-01
4.089999999999999858e+00 -5.829778403072590764e-01 4.078972078566960313e-01
4.099999999999999645e+00 -5.748239465332691811e-01 5.930367087524552883e-01
4.110000000000000320e+00 -5.666125708436436925e-01 7.344738667147147071e-01
4.120000000000000107e+00 -5.583445343691100238e-01 2.026304856843657021e-01
4.129999999999999893e+00 -5.500206639064251224e-01 1.440922054780070516e-01
4.139999999999999680e+00 -5.416417918356986050e-01 2.161649495914769181e-01
4.150000000000000355e+00 -5.332087560371543411e-01 3.740258909959608413e-01
4.160000000000000142e+00 -5.247223998073463624e-01 6.125644788471428237e-01
4.169999999999999929e+00 -5.161835717748247676e-01 7.553701621982392700e-01
4.179999999999999716e+00 -5.075931258152772685e-01 1.766614520359521823e-02
4.190000000000000391e+00 -4.989519209661403276e-01 6.552035496188213237e-03
4.200000000000000178e+00 -4.902608213406994264e-01 4.459078098721378502e-01
4.209999999999999964e+00 -4.815206960416738013e-01 6.808020637921853302e-01
4.219999999999999751e+00 -4.727324190743098509e-01 8.364762749591301283e-01
4.230000000000000426e+00 -4.638968692589801046e-01 4.749652790908390765e-01
4.240000000000000213e+00 -4.550149301433046856e-01 9.506618340644509280e-01
4.250000000000000000e+00 -4.460874899137928229e-01 1.751437563732749503e-01
4.259999999999999787e+00 -4.371154413070278411e-01 6.630138114556867190e-01
4.270000000000000462e+00 -4.280996815203930717e-01 7.697346811061450689e-01
4.280000000000000249e+00 -4.190411121223555635e-01 8.531131794736002139e-02
4.290000000000000036e+00 -4.099406389623055924e-01 8.237652099957692986e-02
4.299999999999999822e+00 -4.007991720799754520e-01 4.546663427885878628e-01
4.310000000000000497e+00 -3.916176256144346945e-01 4.077243667000847172e-01
4.320000000000000284e+00 -3.823969177126802510e-01 6.700870020706685137e-01
4.330000000000000071e+00 -3.731379704378176010e-01 8.873858575604510746e-01
4.339999999999999858e+00 -3.638417096768584158e-01 8.423500714473360906e-01
4.350000000000000533e+00 -3.545090650481311223e-01 6.815851021387578923e-01
4.360000000000000320e+00 -3.451409698083230948e-01 1.106994812309723963e-01
4.370000000000000107e+00 -3.357383607591507557e-01 4.707592934041282540e-02
4.379999999999999893e+00 -3.263021781536835086e-01 3.804668704658059619e-01
4.389999999999999680e+00 -3.168333656023185063e-01 3.035756081110546623e-01
4.400000000000000355e+00 -3.073328699784193541e-01 9.769744772091937257e-02
4.410000000000000142e+00 -2.978016413236330706e-01 4.015972933500600028e-01
4.419999999999999929e+00 -2.882406327528815870e-01 4.853598340307044845e-01
4.429999999999999716e+00 -2.786508003590545957e-01 9.009272890643904574e-03
4.440000000000000391e+00 -2.690331031173990306e-01 1.939023462325396574e-01
4.450000000000000178e+00 -2.593885027896261075e-01 4.105812250623825932e-01
4.459999999999999964e+00 -2.497179638277306213e-01 4.250021002892162558e-01
4.469999999999999751e+00 -2.400224532775499242e-01 2.130278044086397760e-01
4.480000000000000426e+00 -2.303029406820586711e-01 3.318551274586295508e-01
4.490000000000000213e+00 -2.205603979844185381e-01 1.376949624197094657e-01
4.500000000000000000e+00 -2.107957994307796956e-01 3.203313110197428815e-01
4.509999999999999787e+00 -2.010101214728603758e-01 2.610343238562835566e-01
4.520000000000000462e+00 -1.912043426703007587e-01 3.642681387201118781e-01
4.530000000000000249e+00 -1.813794435928113846e-01 1.345061704621198784e-01
4.540000000000000036e+00 -1.715364067221117894e-01 4.647412724061250611e-02
4.549999999999999822e+00 -1.616762163536865082e-01 5.164791340882664006e-01
4.560000000000000497e+00 -1.517998584983547006e-01 5.018374794793258875e-01
4.570000000000000284e+00 -1.419083207836733806e-01 7.124253763530529193e-01
4.580000000000000071e+00 -1.320025923551702562e-01 8.343766203061097064e-01
4.589999999999999858e+00 -1.220836637774334182e-01 5.712479065799204170e-01
4.600000000000000533e+00 -1.121525269350539811e-01 2.479396126467203754e-01
4.610000000000000320e+00 -1.022101749334420606e-01 9.712866215071630505e-01
4.620000000000000107e+00 -9.225760199951166252e-02 5.894186062898765233e-02
4.629999999999999893e+00 -8.229580338226237524e-02 1.247018399143646761e-01
4.639999999999999680e+00 -7.232577525325448176e-02 4.152387336757791259e-01
4.650000000000000355e+00 -6.234851460699165904e-02 8.259980088974071544e-01
4.660000000000000142e+00 -5.236501916122593414e-02 5.391235547684043450e-01
4.669999999999999929e+00 -4.237628725718146222e-02 9.571770519365224716e-01
4.679999999999999716e+00 -3.238331775972472931e-02 1.803352219448689508e-01
4.690000000000000391e+00 -2.238710995747714497e-02 8.764375164382098848e-01
4.700000000000000178e+00 -1.238866346289056036e-02 7.278656111507443294e-01
4.709999999999999964e+00 -2.388978112281538602e-03 7.298632602242949297e-02
4.719999999999999751e+00 7.610946134147902366e-03 9.718692348195498987e-01
4.730000000000000426e+00 1.761010929230725011e-02 4.968381518666022956e-01
4.740000000000000213e+00 2.760751145421152034e-02 6.734322147449048890e-01
4.750000000000000000e+00 3.760215288797655320e-02 8.811435341240836383e-02
4.759999999999999787e+00 4.759303413778781522e-02 3.357627447742672633e-01
4.770000000000000462e+00 5.757915612384691129e-02 2.890706175720273441e-01
4.780000000000000249e+00 6.755952024227519781e-02 6.098122637202413321e-01
4.790000000000000036e+00 7.753312846497868727e-02 2.258311636644947384e-01
4.799999999999999822e+00 8.749898343944639834e-02 9.259951709954519217e-01
4.810000000000000497e+00 9.745608858848661682e-02 2.409025830846445171e-02
4.820000000000000284e+00 1.074034482098802368e-01 2.357904482544640468e-01
4.830000000000000071e+00 1.173400675759554562e-01 6.675556345774182887e-01
4.839999999999999858e+00 1.272649530330561551e-01 7.317724870070800858e-01
4.850000000000000533e+00 1.371771121009081607e-01 6.227937098608337108e-01
4.860000000000000320e+00 1.470755535718631102e-01 5.507897311928939832e-01
4.870000000000000107e+00 1.569592876100234236e-01 8.062096304795216550e-01
4.879999999999999893e+00 1.668273258502216971e-01 3.150111020637680337e-02
4.889999999999999680e+00 1.766786814968572539e-01 6.116250387687586221e-01
4.900000000000000355e+00 1.865123694225757633e-01 2.157092493730192739e-01
4.910000000000000142e+00 1.963274062667775821e-01 4.396965979605694796e-01
4.919999999999999929e+00 2.061228105339583394e-01 3.222267214028974314e-01
4.929999999999999716e+00 2.158976026918541513e-01 7.564490463637635331e-01
4.940000000000000391e+00 2.256508052693957100e-01 7.096741057896207572e-01
4.950000000000000178e+00 2.353814429544511810e-01 5.346516872903064321e-01
4.959999999999999964e+00 2.450885426913617382e-01 5.847956149066794174e-01
4.969999999999999751e+00 2.547711337782429530e-01 1.276863145277752354e-01
4.980000000000000426e+00 2.644282479640557848e-01 5.062634715710619959e-01
4.990000000000000213e+00 2.740589195454274374e-01 7.533262346372079366e-01
5.000000000000000000e+00 2.836621854632262463e-01 2.897404551206173018e-02
5.009999999999999787e+00 2.932370853988631176e-01 1.721232238901027056e-01
5.020000000000000462e+00 3.027826618703243766e-01 4.805462099258696052e-01
5.030000000000000249e+00 3.122979603279157912e-01 7.877286830254724981e-01
5.040000000000000036e+00 3.217820292497218237e-01 9.647053809656378487e-01
5.049999999999999822e+00 3.312339202367536872e-01 9.817072574221316072e-01
5.060000000000000497e+00 3.406526881077900915e-01 8.938650924164570633e-02
5.070000000000000284e+00 3.500373909938911399e-01 5.151953501785991874e-01
5.080000000000000071e+00 3.593870904325897064e-01 4.826658785563779919e-01
5.089999999999999858e+00 3.687008514617332033e-01 2.533374006182044225e-01
5.100000000000000533e+00 3.779777427129810685e-01 5.025200505067825008e-01
5.110000000000000320e+00 3.872168365049372118e-01 6.368020292499405599e-01
5.120000000000000107e+00 3.964172089359224715e-01 6.324970255026751698e-01
5.129999999999999893e+00 4.055779399763607129e-01 5.558022631579687678e-01
5.139999999999999680e+00 4.146981135607817892e-01 4.121801365918692506e-01
5.150000000000000355e+00 4.237768176794282082e-01 7.327890886460998177e-01
5.160000000000000142e+00 4.328131444694520713e-01 9.829419944428023914e-01
5.169999999999999929e+00 4.418061903057054485e-01 8.696038692161985884e-01
5.179999999999999716e+00 4.507550558910987659e-01 6.592511061019323826e-01
5.190000000000000391e+00 4.596588463465318131e-01 1.039829536801251120e-01
5.200000000000000178e+00 4.685166713003771077e-01 1.816409068003758120e-01
5.209999999999999964e+00 4.773276449775216701e-01 7.979886311933170884e-01
5.219999999999999751e+00 4.860908862879401715e-01 2.882280122407743228e-02
5.230000000000000426e+00 4.948055189148050648e-01 3.212313150175141185e-01
5.240000000000000213e+00 5.034706714021142115e-01 2.620653754288281290e-01
5.250000000000000000e+00 5.120854772418407252e-01 9.264216010497999809e-01
5.259999999999999787e+00 5.206490749605794388e-01 9.342429654540229667e-02
5.270000000000000462e+00 5.291606082056956595e-01 7.960133112686262891e-01
5.280000000000000249e+00 5.376192258309563377e-01 5.403718157806245426e-01
5.290000000000000036e+00 5.460240819816483127e-01 4.132785793959780074e-01
5.299999999999999822e+00 5.543743361791607649e-01 5.694435110327455973e-02
5.310000000000000497e+00 5.626691534050330956e-01 3.344418187531393860e-01
5.320000000000000284e+00 5.709077041844535794e-01 6.647330398445036037e-01
5.330000000000000071e+00 5.790891646692104544e-01 7.867156359069176208e-01
5.339999999999999858e+00 5.872127167200731357e-01 9.089920090612257919e-01
5.350000000000000533e+00 5.952775479886067700e-01 7.945495027975972846e-01
5.360000000000000320e+00 6.032828519984039239e-01 2.141391371487574302e-01
5.370000000000000107e+00 6.112278282257351814e-01 1.028722614957809922e-01
5.379999999999999893e+00 6.191116821795986658e-01 9.134548997082116983e-01
5.389999999999999680e+00 6.269336254811689324e-01 1.917971404955270964e-01
5.400000000000000355e+00 6.346928759426346822e-01 6.433040952899404807e-02
5.410000000000000142e+00 6.423886576454144182e-01 5.705611407169079996e-01
5.419999999999999929e+00 6.500202010177517087e-01 2.796105127663104373e-01
5.429999999999999716e+00 6.575867429116689644e-01 8.624503931183141736e-01
5.440000000000000391e+00 6.650875266792828366e-01 3.744230893355584566e-01
5.450000000000000178e+00 6.725218022484659164e-01 4.184518650385983252e-01
5.459999999999999964e+00 6.798888261978570657e-01 1.592744827528379536e-01
5.469999999999999751e+00 6.871878618312006193e-01 2.260763828274903187e-01
5.480000000000000426e+00 6.944181792510162321e-01 1.011536082441506501e-01
5.490000000000000213e+00 7.015790554315860517e-01 7.831347176439183988e-01
5.500000000000000000e+00 7.086697742912599907e-01 9.601052228823125922e-03
5.509999999999999787e+00 7.156896267640610043e-01 4.374188552437076050e-01
5.520000000000000462e+00 7.226379108705922594e-01 2.293603099471608342e-02
5.530000000000000249e+00 7.295139317882319840e-01 9.028924847745662952e-01
5.540000000000000036e+00 7.363170019206192185e-01 9.822798342859263565e-01
5.549999999999999822e+00 7.430464409664099268e-01 2.620083436212115036e-01
5.560000000000000497e+00 7.497015759873078000e-01 6.631551751311016707e-01
5.570000000000000284e+00 7.562817414753555401e-01 6.279847547990289325e-01
5.580000000000000071e+00 7.627862794194885110e-01 9.060466756565385138e-01
5.589999999999999858e+00 7.692145393713326618e-01 8.147670106453772654e-01
5.600000000000000533e+00 7.755658785102501618e-01 8.062962693629661670e-01
5.610000000000000320e+00 7.818396617076187605e-01 5.985315807177284952e-01
5.620000000000000107e+00 7.880352615903476465e-01 7.098414023756254299e-01
5.629999999999999893e+00 7.941520586036112661e-01 1.466858858474898719e-01
5.639999999999999680e+00 8.001894410728056517e-01 5.684476616076175048e-01
5.650000000000000355e+00 8.061468052647157156e-01 6.433896859375703992e-01
5.660000000000000142e+00 8.120235554478855144e-01 9.173638100254195571e-01
5.669999999999999929e+00 8.178191039521944816e-01 5.613348068685906078e-01
5.679999999999999716e+00 8.235328712276219765e-01 2.498926930217826303e-02
5.690000000000000391e+00 8.291642859022022582e-01 2.497248494731496571e-01
5.700000000000000178e+00 8.347127848391597826e-01 5.691151818033146625e-03
5.709999999999999964e+00 8.401778131932250426e-01 4.683531363743836939e-01
5.719999999999999751e+00 8.455588244661168540e-01 3.243051385055425451e-01
5.730000000000000426e+00 8.508552805611925285e-01 6.018607728400690027e-01
5.740000000000000213e+00 8.560666518372552769e-01 2.914856841645473429e-01
5.750000000000000000e+00 8.611924171615208401e-01 9.205756622934355704e-01
5.759999999999999787e+00 8.662320639617282492e-01 3.204284650005013724e-01
5.770000000000000462e+00 8.711850882773974902e-01 9.072668237262571100e-02
5.780000000000000249e+00 8.760509948102237487e-01 4.415893637554346718e-02
5.790000000000000036e+00 8.808292969736090106e-01 7.796098051981872334e-01
5.799999999999999822e+00 8.855195169413189182e-01 1.144566389903864945e-01
5.810000000000000497e+00 8.901211856952655488e-01 6.535836795494421869e-01
5.820000000000000284e+00 8.946338430724074531e-01 9.925735488208257129e-01
5.830000000000000071e+00 8.990570378107678451e-01 5.250479690147163980e-01
5.839999999999999858e+00 9.033903275945588396e-01 2.722394811949545579e-01
5.850000000000000533e+00 9.076332790984135146e-01 3.968053505631892186e-01
5.860000000000000320e+00 9.117854680307165838e-01 1.874789273078509844e-01
5.870000000000000107e+00 9.158464791760352330e-01 3.010061728314572527e-01
5.879999999999999893e+00 9.198159064366391302e-01 5.104597892247575430e-01
5.889999999999999680e+00 9.236933528731100518e-01 3.735743261213891886e-01
5.900000000000000355e+00 9.274784307440359088e-01 6.265854976518584474e-01
5.910000000000000142e+00 9.311707615447830655e-01 7.186296710864888970e-01
5.919999999999999929e+00 9.347699760453489493e-01 3.807065125965360952e-01
5.929999999999999716e+00 9.382757143272825173e-01 5.173222639642874876e-01
5.940000000000000391e+00 9.416876258196775762e-01 5.296246436183544848e-01
5.950000000000000178e+00 9.450053693342275185e-01 4.734209088724572467e-02
5.959999999999999964e+00 9.482286130993458073e-01 8.089756319846732602e-01
5.969999999999999751e+00 9.513570347933419935e-01 8.564334152253212373e-01
5.980000000000000426e+00 9.543903215766540438e-01 2.623330893628335048e-01
5.990000000000000213e+00 9.573281701231307617e-01 4.449600112511024053e-01
6.000000000000000000e+00 9.601702866503659672e-01 7.914087458978814604e-01
6.009999999999999787e+00 9.629163869490754424e-01 6.619489825500178837e-01
6.020000000000000462e+00 9.655661964115178630e-01 1.963952728362439171e-01
6.030000000000000249e+00 9.681194500589547225e-01 1.854948289113280691e-01
6.040000000000000036e+00 9.705758925681492455e-01 4.436308057055886600e-01
6.049999999999999822e+00 9.729352782968974100e-01 8.242890597499190619e-01
6.060000000000000497e+00 9.751973713085928530e-01 2.201296003255390765e-01
6.070000000000000284e+00 9.773619453958189984e-01 4.460969232202635082e-01
6.080000000000000071e+00 9.794287841029710728e-01 1.736169750354754626e-02
6.089999999999999858e+00 9.813976807479009024e-01 9.245639461834628259e-01
6.100000000000000533e+00 9.832684384425847135e-01 4.181141883618039179e-01
6.110000000000000320e+00 9.850408701128117173e-01 2.563776025676545167e-01
6.120000000000000107e+00 9.867147985168921442e-01 1.757683592580719933e-01
6.129999999999999893e+00 9.882900562633804009e-01 1.848651875398312772e-01
6.140000000000000568e+00 9.897664858278147904e-01 5.116809254919667538e-01
6.150000000000000355e+00 9.911439395684690234e-01 3.588753804702359274e-01
6.160000000000000142e+00 9.924222797411168528e-01 5.550194418147759157e-01
6.169999999999999929e+00 9.936013785128063880e-01 7.405129664994070104e-03
6.179999999999999716e+00 9.946811179746429810e-01 9.303385573906447492e-01
6.190000000000000391e+00 9.956613901535804612e-01 6.807390086930305007e-01
6.200000000000000178e+00 9.965420970232174991e-01 1.977170452274330525e-01
6.209999999999999964e+00 9.973231505136012087e-01 3.765767915879939531e-01
6.219999999999999751e+00 9.980044725200334366e-01 6.643099739780204960e-01
6.230000000000000426e+00 9.985859949108812916e-01 8.069956212341325985e-01
6.240000000000000213e+00 9.990676595343902511e-01 9.785762877953586569e-01
6.250000000000000000e+00 9.994494182244993974e-01 7.917503661028368889e-02
6.259999999999999787e+00 9.997312328056577879e-01 7.181691792608526637e-01
6.270000000000000462e+00 9.999130750966422898e-01 4.973411427036966703e-02
6.280000000000000249e+00 9.999949269133752150e-01 9.807201221292916049e-01
6.290000000000000036e+00 9.999767800707430876e-01 4.236754919935700192e-01
6.299999999999999822e+00 9.998586363834151003e-01 4.425035000201394952e-01
6.310000000000000497e+00 9.996405076656615929e-01 7.095253152284707321e-01
6.320000000000000284e+00 9.993224157301724420e-01 2.122548824496744979e-01
6.330000000000000071e+00 9.989043923858761387e-01 2.232145211197142931e-01
6.339999999999999858e+00 9.983864794347588889e-01 6.270964512321021145e-01
6.350000000000000533e+00 9.977687286676840683e-01 6.390249026701130264e-01
6.360000000000000320e+00 9.970512018592136982e-01 4.371565296398138845e-01
6.370000000000000107e+00 9.962339707614306095e-01 4.219186059819833856e-01
6.379999999999999893e+00 9.953171170967635151e-01 2.187064539324644619e-01
6.390000000000000568e+00 9.943007325498149918e-01 1.663982993544053102e-01
6.400000000000000355e+00 9.931849187581925920e-01 1.352061112781998142e-01
6.410000000000000142e+00 9.919697873023458623e-01 6.214768251052925629e-01
6.419999999999999929e+00 9.906554596944074920e-01 7.660868937239786458e-01
6.429999999999999716e+00 9.892420673660432540e-01 2.040289049543880795e-01
6.440000000000000391e+00 9.877297516553078527e-01 5.045214019853041520e-01
6.450000000000000178e+00 9.861186637925125620e-01 1.464139943803008936e-01
6.459999999999999964e+00 9.844089648851006569e-01 3.226678983332432749e-01
6.469999999999999751e+00 9.826008259015384105e-01 8.378465243995890654e-01
6.480000000000000426e+00 9.806944276542172156e-01 6.516781764299335311e-01
6.490000000000000213e+00 9.786899607813732693e-01 3.611713372459731675e-01
6.500000000000000000e+00 9.765876257280234896e-01 2.120188421545515789e-01
6.509999999999999787e+00 9.743876327259212156e-01 5.525484887799597677e-01
6.520000000000000462e+00 9.720902017725331357e-01 6.083313894430647517e-01
6.530000000000000249e+00 9.696955626090404401e-01 1.786687575706087383e-01
6.540000000000000036e+00 9.672039546973638657e-01 2.628203712534298297e-01
6.549999999999999822e+00 9.646156271962180728e-01 8.933792643176099446e-01
6.560000000000000497e+00 9.619308389361962419e-01 9.423968532657497343e-01
6.570000000000000284e+00 9.591498583938872224e-01 3.657299223824436174e-01
6.580000000000000071e+00 9.562729636650277865e-01 9.413215627426111398e-01
6.589999999999999858e+00 9.533004424366933183e-01 2.283605104113028972e-02
6.600000000000000533e+00 9.502325919585292713e-01 2.442502673383080136e-01
6.610000000000000320e+00 9.470697190130275001e-01 3.814106439391087289e-01
6.620000000000000107e+00 9.438121398848466903e-01 4.492033167147407857e-01
6.629999999999999893e+00 9.404601803291847695e-01 2.567099378020050171e-01
6.640000000000000568e+00 9.370141755392038529e-01 6.153211401160895155e-01
6.650000000000000355e+00 9.334744701125118338e-01 7.095589238039671232e-01
6.660000000000000142e+00 9.298414180167013932e-01 5.036381825291940117e-01
6.669999999999999929e+00 9.261153825539545359e-01 5.398306381642794527e-01
6.679999999999999716e+00 9.222967363247125405e-01 6.490143495860704048e-01
6.690000000000000391e+00 9.183858611904157643e-01 2.645308299635698024e-01
6.700000000000000178e+00 9.143831482353194096e-01 8.877760652494615101e-02
6.709999999999999964e+00 9.102889977273828093e-01 8.643960522844993388e-01
6.719999999999999751e+00 9.061038190782451096e-01 2.440558847013802879e-01
6.730000000000000426e+00 9.018280308022832426e-01 9.827603733152237009e-01
6.740000000000000213e+00 8.974620604747624020e-01 1.527508592394044573e-02
6.750000000000000000e+00 8.930063446890766921e-01 4.129871649504482933e-01
6.759999999999999787e+00 8.884613290130914942e-01 5.600429774309791942e-01
6.770000000000000462e+00 8.838274679445865534e-01 4.987031509125242623e-01
6.780000000000000249e+00 8.791052248658079993e-01 8.375804255728976910e-01
6.790000000000000036e+00 8.742950719971280815e-01 9.569858850977569498e-01
6.799999999999999822e+00 8.693974903498252749e-01 9.219624771654216788e-01
6.810000000000000497e+00 8.644129696779825345e-01 8.308635864709670305e-01
6.820000000000000284e+00 8.593420084295141370e-01 7.709884079345952212e-02
6.830000000000000071e+00 8.541851136963187763e-01 5.563163634162693327e-02
6.839999999999999858e+00 8.489428011635724580e-01 7.876123505892180798e-01
6.850000000000000533e+00 8.436155950581590846e-01 7.595192638157453047e-01
6.860000000000000320e+00 8.382040280962511636e-01 2.382394158671783391e-01
6.870000000000000107e+00 8.327086414300346462e-01 3.669240579312593731e-01
6.879999999999999893e+00 8.271299845935966566e-01 5.216327088003116508e-01
6.890000000000000568e+00 8.214686154479714508e-01 9.975839398671927372e-01
6.900000000000000355e+00 8.157251001253568168e-01 6.968606736302063176e-02
6.910000000000000142e+00 8.099000129724983621e-01 1.886079006764270760e-01
6.919999999999999929e+00 8.039939364932571220e-01 3.641083858842132370e-01
6.929999999999999716e+00 7.980074612903592657e-01 3.672241401783263859e-01
6.940000000000000391e+00 7.919411860063357844e-01 5.236962524332630098e-01
6.950000000000000178e+00 7.857957172636610421e-01 3.985157129942914489e-01
6.959999999999999964e+00 7.795716696040875249e-01 6.535660291811888900e-01
6.969999999999999751e+00 7.732696654271944414e-01 2.621774238891009245e-01
6.980000000000000426e+00 7.668903349281473991e-01 7.961392569863494639e-01
6.990000000000000213e+00 7.604343160346811459e-01 4.420140257186965238e-01
7.000000000000000000e+00 7.539022543433046009e-01 2.110428761198446246e-01
7.009999999999999787e+00 7.472948030547436060e-01 1.460785939081599150e-01
7.020000000000000462e+00 7.406126229086200663e-01 6.873631707739735752e-02
7.030000000000000249e+00 7.338563821173813562e-01 2.184392148942433387e-01
7.040000000000000036e+00 7.270267562994758848e-01 2.203639096750387161e-01
7.049999999999999822e+00 7.201244284117941374e-01 4.754437978542975785e-01
7.060000000000000497e+00 7.131500886813721962e-01 8.648439685807736144e-01
7.070000000000000284e+00 7.061044345363726160e-01 6.675662210065875790e-01
7.080000000000000071e+00 6.989881705363376607e-01 7.706574651260450493e-01
7.089999999999999858e+00 6.918020083017373256e-01 4.317265586503816754e-01
7.100000000000000533e+00 6.845466664428059289e-01 4.576542344215583924e-02
7.110000000000000320e+00 6.772228704876845917e-01 4.231281891417266738e-01
7.120000000000000107e+00 6.698313528098649439e-01 2.501875020642582159e-01
7.129999999999999893e+00 6.623728525549552604e-01 2.548023215992892831e-01
7.140000000000000568e+00 6.548481155667649212e-01 8.066778355615540352e-01
7.150000000000000355e+00 6.472578943127236251e-01 5.230985960319201045e-02
7.160000000000000142e+00 6.396029478086306952e-01 3.436408111019092493e-01
7.169999999999999929e+00 6.318840415427576795e-01 1.874451649776243123e-01
7.179999999999999716e+00 6.241019473992986955e-01 9.883700576798383208e-01
7.190000000000000391e+00 6.162574435811822848e-01 9.313865949253116172e-01
7.200000000000000178e+00 6.083513145322545501e-01 1.473607870015263277e-01
7.209999999999999964e+00 6.003843508588313505e-01 1.330113791432220305e-01
7.219999999999999751e+00 5.923573492506408744e-01 7.657385220970523987e-01
7.230000000000000426e+00 5.842711124011541468e-01 8.049031491000088190e-01
7.240000000000000213e+00 5.761264489273190126e-01 6.634518788358537700e-01
7.250000000000000000e+00 5.679241732886948224e-01 3.101641357815301259e-01
7.259999999999999787e+00 5.596651057060104684e-01 1.582514549175508822e-01
7.270000000000000462e+00 5.513500720791406629e-01 8.255771315577242753e-01
7.280000000000000249e+00 5.429799039045206666e-01 6.562851220400490737e-01
7.290000000000000036e+00 5.345554381919919162e-01 8.920855359902479798e-01
7.299999999999999822e+00 5.260775173811053085e-01 1.393212121697456896e-01
7.310000000000000497e+00 5.175469892568763663e-01 9.609391313831913140e-01
7.320000000000000284e+00 5.089647068650101636e-01 8.603754341039986375e-01
7.330000000000000071e+00 5.003315284265933416e-01 8.043620182551375342e-01
7.339999999999999858e+00 4.916483172522754241e-01 2.132270457859389845e-01
7.350000000000000533e+00 4.829159416559370421e-01 3.485099992937322755e-01
7.360000000000000320e+00 4.741352748678624440e-01 2.115878149288379362e-01
7.370000000000000107e+00 4.653071949474125168e-01 7.308509089266621572e-01
7.379999999999999893e+00 4.564325846952225207e-01 3.821395786106296377e-02
7.390000000000000568e+00 4.475123315649214284e-01 2.422591061504039134e-01
7.400000000000000355e+00 4.385473275743903554e-01 4.564778392068882251e-01
7.410000000000000142e+00 4.295384692165566953e-01 7.335489309597410523e-01
7.419999999999999929e+00 4.204866573697489396e-01 6.278441135469610135e-01
7.429999999999999716e+00 4.113927972076085737e-01 5.756852509299218434e-01
7.440000000000000391e+00 4.022577981085728172e-01 6.685142117340037160e-01
7.450000000000000178e+00 3.930825735649407515e-01 9.235767882631215064e-01
7.459999999999999964e+00 3.838680410915199515e-01 1.480046258143363769e-01
7.469999999999999751e+00 3.746151221338788750e-01 5.003504429874993109e-01
7.480000000000000426e+00 3.653247419762019055e-01 8.191659462325665553e-01
7.490000000000000213e+00 3.559978296487643634e-01 4.607414773968653288e-01
7.500000000000000000e+00 3.466353178350258246e-01 9.921635620476394468e-01
7.509999999999999787e+00 3.372381427783655572e-01 5.296221290719920205e-01
7.520000000000000462e+00 3.278072441884575250e-01 1.614894332226484153e-01
7.530000000000000249e+00 3.183435651473032202e-01 5.019991953715765565e-01
7.540000000000000036e+00 3.088480520149196606e-01 4.347996147460980731e-01
7.549999999999999822e+00 2.993216543347070879e-01 4.116579882703474969e-01
7.560000000000000497e+00 2.897653247384940900e-01 7.676584971392798051e-01
7.570000000000000284e+00 2.801800188512783563e-01 7.562560726424272239e-01
7.580000000000000071e+00 2.705666951956601229e-01 8.815833442974760903e-01
7.589999999999999858e+00 2.609263150959937883e-01 4.162038895159247964e-02
7.600000000000000533e+00 2.512598425822548664e-01 5.934326185223414152e-01
7.610000000000000320e+00 2.415682442936410990e-01 5.595022634957341756e-01
7.620000000000000107e+00 2.318524893819041421e-01 3.007344051625799874e-01
7.629999999999999893e+00 2.221135494144387823e-01 3.523346637312638752e-01
7.640000000000000568e+00 2.123523982771250984e-01 2.317448251353462219e-01
7.650000000000000355e+00 2.025700120769443335e-01 5.484703599366022031e-01
7.660000000000000142e+00 1.927673690443636456e-01 9.926285360322876228e-01
7.669999999999999929e+00 1.829454494355174654e-01 9.031656085662018718e-01
7.679999999999999716e+00 1.731052354341817423e-01 5.436532544268777301e-01
7.690000000000000391e+00 1.632477110535556497e-01 4.584004630306073302e-01
7.700000000000000178e+00 1.533738620378643502e-01 2.169060367147750412e-01
7.709999999999999964e+00 1.434846757637804060e-01 7.021670968030909732e-01
7.719999999999999751e+00 1.335811411416902295e-01 2.536682740465245889e-01
7.730000000000000426e+00 1.236642485168022720e-01 6.312812816058915866e-01
7.740000000000000213e+00 1.137349895701167124e-01 5.673211205740136265e-02
7.750000000000000000e+00 1.037943572192529668e-01 9.636086204034444158e-02
7.759999999999999787e+00 9.384334551916231892e-02 7.797148846525198129e-01
7.770000000000000462e+00 8.388294956272139558e-02 2.255453917800376296e-01
7.780000000000000249e+00 7.391416538122730362e-02 2.878013985914330553e-01
7.790000000000000036e+00 6.393798984479003022e-02 6.538205344255806351e-01
7.799999999999999822e+00 5.395542056264975017e-02 3.616726949545475689e-01
7.810000000000000497e+00 4.396745578341502286e-02 5.884918814881110460e-01
7.820000000000000284e+00 3.397509429524226549e-02 8.495644199452613288e-01
7.830000000000000071e+00 2.397933532595246733e-02 6.117071311258275301e-01
7.839999999999999858e+00 1.398117844311278640e-02 1.191069079478945802e-01
7.850000000000000533e+00 3.981623454078851015e-03 7.650177563402060787e-01
7.860000000000000320e+00 -6.018329693981597228e-03 5.538327789398245216e-02
7.870000000000000107e+00 -1.601768101408790335e-02 8.722028459730016836e-01
7.879999999999999893e+00 -2.601543057944082776e-02 7.304871072965160028e-01
7.890000000000000568e+00 -3.601057862341614652e-02 9.589961219585163565e-01
7.900000000000000355e+00 -4.600212563953694905e-02 1.819272786102853479e-01
7.910000000000000142e+00 -5.598907248142877963e-02 6.332193797700313986e-02
7.919999999999999929e+00 -6.597042046272987015e-02 1.786819507902183135e-01
7.930000000000000604e+00 -7.594517145696073890e-02 1.421801446723274243e-01
7.940000000000000391e+00 -8.591232799733246328e-02 8.172716351990277905e-01
7.950000000000000178e+00 -9.587089337649781773e-02 5.736893158140875526e-01
7.959999999999999964e+00 -1.058198717462176669e-01 2.702953399595102724e-01
7.969999999999999751e+00 -1.157582682169458338e-01 6.208202660374293469e-01
7.980000000000000426e+00 -1.256850889573180863e-01 8.165178430891684158e-01
7.990000000000000213e+00 -1.355993412935309339e-01 7.810649200634222078e-01
8.000000000000000000e+00 -1.455000338086135381e-01 2.077134304479169025e-01
8.009999999999999787e+00 -1.553861764415648827e-01 9.359840024542881443e-01
8.019999999999999574e+00 -1.652567805863601191e-01 1.963358482870155575e-01
8.029999999999999361e+00 -1.751108591908102363e-01 3.728993643756972620e-02
8.040000000000000924e+00 -1.849474268552682710e-01 8.058403172395075531e-01
8.050000000000000711e+00 -1.947654999311613511e-01 8.793180683227960204e-01
8.060000000000000497e+00 -2.045640966193653931e-01 5.891717949844893498e-01
8.070000000000000284e+00 -2.143422370683769895e-01 2.085878011198594173e-02
8.080000000000000071e+00 -2.240989434722996665e-01 6.152969511094779076e-01
8.089999999999999858e+00 -2.338332401686236406e-01 1.621967391819600923e-02
8.099999999999999645e+00 -2.435441537357911079e-01 9.505613297709595289e-01
8.109999999999999432e+00 -2.532307130905377957e-01 4.263090822592344731e-01
8.120000000000000995e+00 -2.628919495850020605e-01 8.528731894409414815e-01
8.130000000000000782e+00 -2.725268971035819665e-01 5.330659923002936118e-01
8.140000000000000568e+00 -2.821345921595565520e-01 4.921083558109354827e-01
8.150000000000000355e+00 -2.917140739914265146e-01 9.062425795504737147e-01
8.160000000000000142e+00 -3.012643846589915797e-01 7.539244952806898326e-01
8.169999999999999929e+00 -3.107845691391435961e-01 9.379122764765539522e-01
8.179999999999999716e+00 -3.202736754213679760e-01 6.836476453169926248e-02
8.189999999999999503e+00 -3.297307546029440428e-01 9.840886773852242086e-01
8.199999999999999289e+00 -3.391548609838345163e-01 6.749737925398682226e-01
8.210000000000000853e+00 -3.485450521612564190e-01 9.585752444503689018e-01
8.220000000000000639e+00 -3.579003891239137536e-01 2.991785662565589199e-01
8.230000000000000426e+00 -3.672199363459080490e-01 6.382999476361862490e-01
8.240000000000000213e+00 -3.765027618802833098e-01 6.482509120093918886e-01
8.250000000000000000e+00 -3.857479374522218007e-01 6.427127471028677430e-01
8.259999999999999787e+00 -3.949545385518706264e-01 4.275828332213720273e-01
8.269999999999999574e+00 -4.041216445267919455e-01 5.493990603810317008e-02
8.279999999999999361e+00 -4.132483386740275488e-01 4.058102926910367447e-02
8.290000000000000924e+00 -4.223337083317698082e-01 8.748325376048508017e-01
8.300000000000000711e+00 -4.313768449706207875e-01 3.561633802745557409e-01
8.310000000000000497e+00 -4.403768442844542830e-01 7.743359212216255338e-01
8.320000000000000284e+00 -4.493328062808388257e-01 4.598592920991537714e-01
8.330000000000000071e+00 -4.582438353710380219e-01 5.302129378784015135e-01
8.339999999999999858e+00 -4.671090404595686918e-01 7.658770554031376632e-01
8.349999999999999645e+00 -4.759275350333096455e-01 2.646574052868699845e-01
8.359999999999999432e+00 -4.846984372501522143e-01 3.884672498018061360e-01
8.370000000000000995e+00 -4.934208700271853765e-01 5.950488116455331378e-01
8.380000000000000782e+00 -5.020939611283968818e-01 8.576353192420702598e-01
8.390000000000000568e+00 -5.107168432519059165e-01 3.570930016309421529e-01
8.400000000000000355e+00 -5.192886541166855663e-01 7.975461911156327410e-01
8.410000000000000142e+00 -5.278085365487927838e-01 5.185311246881063596e-02
8.419999999999999929e+00 -5.362756385670840453e-01 6.469061902046161494e-01
8.429999999999999716e+00 -5.446891134684134217e-01 7.120581719306184887e-01
8.439999999999999503e+00 -5.530481199123020719e-01 9.038436750463734182e-01
8.449999999999999289e+00 -5.613518220050714991e-01 9.052007141404914137e-01
8.460000000000000853e+00 -5.695993893834333521e-01 6.361962611258016320e-01
8.470000000000000639e+00 -5.777899972975201193e-01 6.202673376394117755e-01
8.480000000000000426e+00 -5.859228266933670382e-01 9.344735574587805793e-01
8.490000000000000213e+00 -5.939970642948121382e-01 1.351224008340585758e-01
8.500000000000000000e+00 -6.020119026848236299e-01 3.581722290613509330e-01
8.509999999999999787e+00 -6.099665403862415403e-01 3.197290612769162488e-01
8.519999999999999574e+00 -6.178601819419246022e-01 1.721236600260266369e-01
8.529999999999999361e+00 -6.256920379942951804e-01 3.544179560961977504e-01
8.540000000000000924e+00 -6.334613253642761288e-01 2.972076445876958850e-02
8.550000000000000711e+00 -6.411672671296018144e-01 2.125235604406505718e-02
8.560000000000000497e+00 -6.488090927025188526e-01 5.389549276116458731e-01
8.570000000000000284e+00 -6.563860379068381379e-01 9.377402501137499513e-03
8.580000000000000071e+00 -6.638973450543532717e-01 7.608062611642930628e-01
8.589999999999999858e+00 -6.713422630206088426e-01 6.474034765532830082e-01
8.599999999999999645e+00 -6.787200473200124540e-01 5.650858994956615700e-01
8.609999999999999432e+00 -6.860299601802821723e-01 3.379233235414841330e-01
8.620000000000000995e+00 -6.932712706162249550e-01 8.700977428669198765e-02
8.630000000000000782e+00 -7.004432545028288493e-01 9.165166792196981493e-01
8.640000000000000568e+00 -7.075451946476832843e-01 3.883755831716401152e-01
8.650000000000000355e+00 -7.145763808626919289e-01 1.773340757218597741e-01
8.660000000000000142e+00 -7.215361100350927703e-01 5.478821492410483884e-01
8.669999999999999929e+00 -7.284236861977680944e-01 2.507389998125955088e-01
8.679999999999999716e+00 -7.352384205988413690e-01 1.345332759698313341e-01
8.689999999999999503e+00 -7.419796317705513733e-01 9.849708714902418727e-01
8.700000000000001066e+00 -7.486466455973999068e-01 2.222888200412285187e-01
8.710000000000000853e+00 -7.552387953835575374e-01 6.080152828075615634e-01
8.720000000000000639e+00 -7.617554219195403764e-01 1.763475641802706440e-01
8.730000000000000426e+00 -7.681958735481253520e-01 4.859957959802867489e-01
8.740000000000000213e+00 -7.745595062295166366e-01 4.925236937068959708e-01
8.750000000000000000e+00 -7.808456836057491302e-01 8.220040888501730647e-01
8.759999999999999787e+00 -7.870537770643235564e-01 7.538283101831703137e-01
8.769999999999999574e+00 -7.931831658010675135e-01 7.204846344240530831e-01
8.779999999999999361e+00 -7.992332368822151478e-01 7.496227592120309202e-01
8.790000000000000924e+00 -8.052033853057011248e-01 6.148104343735281141e-01
8.800000000000000711e+00 -8.110930140616560147e-01 6.381813846586332772e-01
8.810000000000000497e+00 -8.169015341921133100e-01 6.121155470622380301e-01
8.820000000000000284e+00 -8.226283648499004286e-01 1.429823753354949600e-01
8.830000000000000071e+00 -8.282729333567239172e-01 8.818937361893719462e-01
8.839999999999999858e+00 -8.338346752604368639e-01 8.411244273843553332e-01
8.849999999999999645e+00 -8.393130343914837477e-01 9.508845792720287404e-01
8.859999999999999432e+00 -8.447074629185166161e-01 2.384615411488064662e-01
8.870000000000000995e+00 -8.500174214031791520e-01 4.952838050145778048e-01
8.880000000000000782e+00 -8.552423788540458593e-01 3.066739803460905023e-01
8.890000000000000568e+00 -8.603818127797268067e-01 1.009690309882287362e-01
8.900000000000000355e+00 -8.654352092411122799e-01 5.004427328228250316e-01
8.910000000000000142e+00 -8.704020629027671152e-01 9.906974227916507392e-01
8.919999999999999929e+00 -8.752818770834644990e-01 4.897391356836722220e-02
8.929999999999999716e+00 -8.800741638058525718e-01 4.518348140706596183e-01
8.939999999999999503e+00 -8.847784438452527267e-01 9.088510357430110709e-01
8.950000000000001066e+00 -8.893942467775821648e-01 6.243704567037924313e-01
8.960000000000000853e+00 -8.939211110263923787e-01 3.623163988759926513e-01
8.970000000000000639e+00 -8.983585839090316716e-01 2.112106631854010486e-01
8.980000000000000426e+00 -9.027062216819098373e-01 9.170026800496223762e-01
8.990000000000000213e+00 -9.069635895848724427e-01 7.409491592428352202e-01
9.000000000000000000e+00 -9.111302618846769397e-01 4.238782312531663710e-02
9.009999999999999787e+00 -9.152058219175658316e-01 4.623735403679511968e-01
9.019999999999999574e+00 -9.191898621309317896e-01 1.069505853087101555e-01
9.029999999999999361e+00 -9.230819841240738288e-01 8.787605187838747334e-01
9.040000000000000924e+00 -9.268817986880364401e-01 9.359808355811466418e-01
9.050000000000000711e+00 -9.305889258445284584e-01 5.845219111969014447e-01
9.060000000000000497e+00 -9.342029948839243314e-01 8.622744030090840894e-01
9.070000000000000284e+00 -9.377236444023315798e-01 2.569579380345370367e-01
9.080000000000000071e+00 -9.411505223377324425e-01 8.559910240575010487e-01
9.089999999999999858e+00 -9.444832860051890489e-01 9.855180770308814564e-01
9.099999999999999645e+00 -9.477216021311118954e-01 7.997230488440952856e-01
9.109999999999999432e+00 -9.508651468865869649e-01 1.193738100808930946e-01
9.120000000000000995e+00 -9.539136059197589335e-01 4.095005133284395082e-01
9.130000000000000782e+00 -9.568666743872638047e-01 5.953937300207883254e-01
9.140000000000000568e+00 -9.597240569847160785e-01 4.674218858127343612e-01
9.150000000000000355e+00 -9.624854679762373522e-01 7.280125288549966767e-01
9.160000000000000142e+00 -9.651506312230294649e-01 6.150299815193136510e-01
9.169999999999999929e+00 -9.677192802109888525e-01 6.366646149341526062e-01
9.179999999999999716e+00 -9.701911580773572297e-01 4.250319219098219747e-02
9.189999999999999503e+00 -9.725660176364077092e-01 7.419034885614483876e-02
9.200000000000001066e+00 -9.748436214041640291e-01 6.496445477549764869e-01
9.210000000000000853e+00 -9.770237416221464466e-01 1.720971404648614644e-01
9.220000000000000639e+00 -9.791061602801502950e-01 1.241384951573321072e-01
9.230000000000000426e+00 -9.810906691380453237e-01 5.369715535428465358e-01
9.240000000000000213e+00 -9.829770697465993745e-01 4.587552090800949278e-01
9.250000000000000000e+00 -9.847651734673236179e-01 3.573580160590712484e-01
9.259999999999999787e+00 -9.864548014913360197e-01 1.491305641786827563e-01
9.269999999999999574e+00 -9.880457848572422597e-01 7.669269456797810358e-01
9.279999999999999361e+00 -9.895379644680314390e-01 7.400579042393590212e-01
9.290000000000000924e+00 -9.909311911069863532e-01 3.803824569686089507e-01
9.300000000000000711e+00 -9.922253254526034461e-01 4.499278461952959107e-01
9.310000000000000497e+00 -9.934202380925271081e-01 3.093027738280129668e-01
9.320000000000000284e+00 -9.945158095364888817e-01 5.287315879981260291e-01
9.330000000000000071e+00 -9.955119302282574578e-01 2.711471027819564172e-01
9.339999999999999858e+00 -9.964085005565936903e-01 1.312525216703368525e-01
9.349999999999999645e+00 -9.972054308652119614e-01 9.465493408185433610e-01
9.359999999999999432e+00 -9.979026414617453433e-01 4.976564040632935892e-01
9.370000000000000995e+00 -9.985000626257155565e-01 3.240531527069476780e-01
9.380000000000000782e+00 -9.989976346155036158e-01 5.607960143596952829e-01
9.390000000000000568e+00 -9.993953076743254949e-01 4.465611881570152875e-02
9.400000000000000355e+00 -9.996930420352064806e-01 3.703863437622777477e-01
9.410000000000000142e+00 -9.998908079249587688e-01 1.472200560097305377e-01
9.419999999999999929e+00 -9.999885855671580837e-01 1.051386359293412509e-01
9.429999999999999716e+00 -9.999863651841217616e-01 7.820116352806705251e-01
9.439999999999999503e+00 -9.998841469978861918e-01 1.839545487485457764e-01
9.450000000000001066e+00 -9.996819412301848340e-01 7.957767023119644012e-02
9.460000000000000853e+00 -9.993797681014260359e-01 9.207699863147403851e-01
9.470000000000000639e+00 -9.989776578286706510e-01 4.020902611709813446e-01
9.480000000000000426e+00 -9.984756506226111217e-01 3.034690986489583242e-01
9.490000000000000213e+00 -9.978737966835495854e-01 4.665054024570837177e-01
9.500000000000000000e+00 -9.971721561963784453e-01 5.629495094668092170e-01
9.509999999999999787e+00 -9.963707993245617400e-01 8.713638165228860810e-01
9.519999999999999574e+00 -9.954698062031187566e-01 7.577482909899098118e-01
9.529999999999999361e+00 -9.944692669306108845e-01 6.670987883681857022e-01
9.540000000000000924e+00 -9.933692815601313786e-01 6.452569913702402848e-01
9.550000000000000711e+00 -9.921699600893009174e-01 2.664850998034522522e-01
9.560000000000000497e+00 -9.908714224492671807e-01 6.888843448887026488e-01
9.570000000000000284e+00 -9.894737984927119978e-01 9.873090083571024467e-01
9.580000000000000071e+00 -9.879772279808661795e-01 9.469169836060991052e-01
9.589999999999999858e+00 -9.863818605695340302e-01 3.073342446054077026e-01
9.599999999999999645e+00 -9.846878557941269872e-01 7.830479759637881676e-01
9.609999999999999432e+00 -9.828953830537110470e-01 7.959682718852961747e-01
9.620000000000000995e+00 -9.810046215940660952e-01 4.298349035616104707e-01
9.630000000000000782e+00 -9.790157604897632426e-01 2.235151928968521773e-01
9.640000000000000568e+00 -9.769289986252551738e-01 3.863092207842813153e-01
9.650000000000000355e+00 -9.747445446749892772e-01 7.007043619032082837e-01
9.660000000000000142e+00 -9.724626170825404481e-01 1.963297713298480796e-01
9.669999999999999929e+00 -9.700834440387661184e-01 4.035130796323669333e-01
9.679999999999999716e+00 -9.676072634589880650e-01 4.816697824358157076e-01
9.689999999999999503e+00 -9.650343229592007743e-01 9.596017202090278975e-01
9.700000000000001066e+00 -9.623648798313096941e-01 5.330024702619520216e-01
9.710000000000000853e+00 -9.595992010174041464e-01 9.798669364724116315e-01
9.720000000000000639e+00 -9.567375630830600164e-01 6.865863330780250795e-01
9.730000000000000426e+00 -9.537802521896863173e-01 6.122957598772593713e-02
9.740000000000000213e+00 -9.507275640659078597e-01 3.294371475840054408e-01
9.750000000000000000e+00 -9.475798039779932402e-01 4.272074049111603822e-01
9.759999999999999787e+00 -9.443372866993279269e-01 7.234333420864051956e-01
9.769999999999999574e+00 -9.410003364789377711e-01 2.434993011384698480e-01
9.779999999999999361e+00 -9.375692870090641673e-01 3.017300924406457474e-01
9.790000000000000924e+00 -9.340444813917940792e-01 1.649597767358438327e-01
9.800000000000000711e+00 -9.304262721047532603e-01 2.689457016578613580e-01
9.810000000000000497e+00 -9.267150209658545634e-01 4.307191703638642011e-01
9.820000000000000284e+00 -9.229110990971193251e-01 9.642268293101479149e-01
9.830000000000000071e+00 -9.190148868875643862e-01 4.965658070777178024e-01
9.839999999999999858e+00 -9.150267739551638524e-01 9.068326585048211985e-01
9.849999999999999645e+00 -9.109471591078875941e-01 6.331282988432805903e-01
9.859999999999999432e+00 -9.067764503038205914e-01 8.449755785297640154e-01
9.870000000000000995e+00 -9.025150646103670127e-01 5.284771313754488276e-03
9.880000000000000782e+00 -8.981634281625464622e-01 1.958446176445411968e-01
9.890000000000000568e+00 -8.937219761203768487e-01 1.705546545978346984e-01
9.900000000000000355e+00 -8.891911526253608589e-01 3.387138741419881693e-01
9.910000000000000142e+00 -8.845714107560725958e-01 1.057098527774558150e-02
9.919999999999999929e+00 -8.798632124828491552e-01 8.336062004701053629e-01
9.929999999999999716e+00 -8.750670286215942451e-01 6.025762522680150335e-01
9.939999999999999503e+00 -8.701833387866972913e-01 2.589202335303186775e-01
9.950000000000001066e+00 -8.652126313430711368e-01 9.117964688805245688e-01
9.960000000000000853e+00 -8.601554033573196589e-01 9.975422803120065351e-01
9.970000000000000639e+00 -8.550121605480263121e-01 9.215075814993286540e-01
9.980000000000000426e+00 -8.497834172351858006e-01 7.256832277329181569e-01
9.990000000000000213e+00 -8.444696962887724423e-01 8.046830258194327401e-01
